168 238 308 378 322 404 588 658 728 798 168 304 320 354 370 377 513 658 728 798 168 316 353 453 460 413 588 553 728 798 168 289 338 486 490 497 525 538 728 798 168 313 329 456 442 437 546 517 728 798 
133 133 133 133 120 107 133 133 133 133 173 160 147 134 147 134 121 173 173 173 213 187 135 148 148 174 213 161 213 213 253 227 214 188 188 188 188 188 253 253 293 254 241 215 215 215 228 228 293 293 
1 1 1 1 0 0 1 1 1 1 1 0 0 0 0 0 0 1 1 1 1 0 0 0 0 0 1 0 1 1 1 0 0 0 0 0 0 0 1 1 1 0 0 0 0 0 0 0 1 1 
r r r r d d r r r r r d d d d d d r r r r d d d d d r d r r r d d d d d d d r r r d d d d d d d r r 
-858993460 -858993460 -858993460 -858993460 -858993460 -858993460 -858993460 -858993460 -858993460 -858993460 -858993460 -858993460 -858993460 -858993460 -858993460 -858993460 -858993460 -858993460 -858993460 -858993460 -858993460 -858993460 -858993460 -858993460 -858993460 -858993460 -858993460 -858993460 -858993460 -858993460 -858993460 -858993460 -858993460 -858993460 -858993460 -858993460 -858993460 -858993460 -858993460 -858993460 -858993460 -858993460 -858993460 -858993460 -858993460 -858993460 -858993460 -858993460 -858993460 -858993460 
50 50 50 50 50 50 50 50 50 50 40 40 40 40 40 40 40 40 40 40 30 30 30 30 30 30 30 30 30 30 30 30 30 30 30 30 30 30 30 30 20 20 20 20 20 20 20 20 20 20 
672
388
2
870
e